Periode	KodeRekening	SaldoAwal	MutasiDebet	MutasiKredit	SaldoAkhir	ValasSaldoAwal	ValasMutasiDebet	ValasMutasiKredit	ValasSaldoAkhir	RecordOwnerID	created_at	updated_at
	1000000	0	0	0	0	0	0	0	0	CL0002		
	1100000	0	0	0	0	0	0	0	0	CL0002		
	1110000	0	0	0	0	0	0	0	0	CL0002		
	1110001	0	0	0	0	0	0	0	0	CL0002		
	2000000	0	0	0	0	0	0	0	0	CL0002		
	2100000	0	0	0	0	0	0	0	0	CL0002		
	2110000	0	0	0	0	0	0	0	0	CL0002		
	2110002	0	0	0	0	0	0	0	0	CL0002		
	7000000	0	0	0	0	0	0	0	0	CL0002		
	7110000	0	0	0	0	0	0	0	0	CL0002		
	7111000	0	0	0	0	0	0	0	0	CL0002		
	7111001	0	0	0	0	0	0	0	0	CL0002		
202408	1000000	0	510120	102480	407640	0	0	0	0	CL0002		
202408	1100000	0	152500	80000	72500	0	0	0	0	CL0002		
202408	1110000	0	80000	7500	72500	0	0	0	0	CL0002		
202408	1110001	0	80000	7500	72500	0	0	0	0	CL0002		
202408	1140000	0	72500	72500	0	0	0	0	0	CL0002		
202408	1140001	0	72500	72500	0	0	0	0	0	CL0002		
202408	1300000	0	357620	22480	335140	0	0	0	0	CL0002		
202408	1310000	0	357620	22480	335140	0	0	0	0	CL0002		
202408	1310001	0	357620	22480	335140	0	0	0	0	CL0002		
202408	4000000	0	0	72500	72500	0	0	0	0	CL0002		
202408	4100000	0	0	72500	72500	0	0	0	0	CL0002		
202408	4110000	0	0	72500	72500	0	0	0	0	CL0002		
202408	4110001	0	0	72500	72500	0	0	0	0	CL0002		
202408	5000000	0	15820	0	15820	0	0	0	0	CL0002		
202408	5100000	0	15820	0	15820	0	0	0	0	CL0002		
202408	5110000	0	15820	0	15820	0	0	0	0	CL0002		
202408	5110001	0	15820	0	15820	0	0	0	0	CL0002		
202408	7000000	0	0	357620	357620	0	0	0	0	CL0002		
202408	7110000	0	0	357620	357620	0	0	0	0	CL0002		
202408	7111000	0	0	357620	357620	0	0	0	0	CL0002		
202408	7111001	0	0	357620	357620	0	0	0	0	CL0002		
202408	8000000	0	6660	0	6660	0	0	0	0	CL0002		
202408	8110000	0	6660	0	6660	0	0	0	0	CL0002		
202408	8111000	0	6660	0	6660	0	0	0	0	CL0002		
202408	8111001	0	6660	0	6660	0	0	0	0	CL0002		
202409	1000000	0	36116201760	72232083360	-36115881600	0	0	0	0	CL0002		
202409	1100000	0	348000	180000	168000	0	0	0	0	CL0002		
202409	1110000	0	180000	12000	168000	0	0	0	0	CL0002		
202409	1110001	0	180000	12000	168000	0	0	0	0	CL0002		
202409	1140000	0	168000	168000	0	0	0	0	0	CL0002		
202409	1140001	0	168000	168000	0	0	0	0	0	CL0002		
202409	1300000	0	36115853760	72231903360	-36116049600	0	0	0	0	CL0002		
202409	1310000	0	36115853760	72231903360	-36116049600	0	0	0	0	CL0002		
202409	1310001	0	36115853760	72231903360	-36116049600	0	0	0	0	CL0002		
202409	4000000	0	0	171000	171000	0	0	0	0	CL0002		
202409	4100000	0	0	171000	171000	0	0	0	0	CL0002		
202409	4110000	0	0	171000	171000	0	0	0	0	CL0002		
202409	4110001	0	0	171000	171000	0	0	0	0	CL0002		
202409	5000000	0	36116049600	0	36116049600	0	0	0	0	CL0002		
202409	5100000	0	36116049600	0	36116049600	0	0	0	0	CL0002		
202409	5110000	0	36116049600	0	36116049600	0	0	0	0	CL0002		
202409	5110001	0	36116049600	0	36116049600	0	0	0	0	CL0002		
202409	7000000	0	0	36115853760	36115853760	0	0	0	0	CL0002		
202409	7110000	0	0	36115853760	36115853760	0	0	0	0	CL0002		
202409	7111000	0	0	36115853760	36115853760	0	0	0	0	CL0002		
202409	7111001	0	0	36115853760	36115853760	0	0	0	0	CL0002		
202409	8000000	0	36115853760	0	36115853760	0	0	0	0	CL0002		
202409	8110000	0	36115853760	0	36115853760	0	0	0	0	CL0002		
202409	8111000	0	36115853760	0	36115853760	0	0	0	0	CL0002		
202409	8111001	0	36115853760	0	36115853760	0	0	0	0	CL0002		
202410	1000000	0	451241860	451215360	26500	0	0	0	0	CL0002		
202410	1100000	0	26500	0	26500	0	0	0	0	CL0002		
202410	1140000	0	26500	0	26500	0	0	0	0	CL0002		
202410	1140001	0	26500	0	26500	0	0	0	0	CL0002		
202410	1300000	0	451215360	451215360	0	0	0	0	0	CL0002		
202410	1310000	0	451215360	451215360	0	0	0	0	0	CL0002		
202410	1310001	0	451215360	451215360	0	0	0	0	0	CL0002		
202410	7000000	0	0	451215360	451215360	0	0	0	0	CL0002		
202410	7110000	0	0	451215360	451215360	0	0	0	0	CL0002		
202410	7111000	0	0	451215360	451215360	0	0	0	0	CL0002		
202410	7111001	0	0	451215360	451215360	0	0	0	0	CL0002		
202410	8000000	0	451215360	0	451215360	0	0	0	0	CL0002		
202410	8110000	0	451215360	0	451215360	0	0	0	0	CL0002		
202410	8111000	0	451215360	0	451215360	0	0	0	0	CL0002		
202410	8111001	0	451215360	0	451215360	0	0	0	0	CL0002		
202411	1000000	0	325000	325000	0	0	0	0	0	CL0002		
202411	1100000	0	275000	275000	0	0	0	0	0	CL0002		
202411	1110000	0	175000	175000	0	0	0	0	0	CL0002		
202411	1110001	0	175000	175000	0	0	0	0	0	CL0002		
202411	1120000	0	75000	75000	0	0	0	0	0	CL0002		
202411	1120001	0	25000	25000	0	0	0	0	0	CL0002		
202411	1120002	0	50000	50000	0	0	0	0	0	CL0002		
202411	1130000	0	25000	25000	0	0	0	0	0	CL0002		
202411	1130001	0	25000	25000	0	0	0	0	0	CL0002		
202411	1200000	0	25000	25000	0	0	0	0	0	CL0002		
202411	1210000	0	25000	25000	0	0	0	0	0	CL0002		
202411	1210001	0	0	0	0	0	0	0	0	CL0002		
202411	1210003	0	25000	25000	0	0	0	0	0	CL0002		
202411	1220000	0	0	0	0	0	0	0	0	CL0002		
202411	1220003	0	0	0	0	0	0	0	0	CL0002		
202411	1300000	0	25000	25000	0	0	0	0	0	CL0002		
202411	1310000	0	25000	25000	0	0	0	0	0	CL0002		
202411	1310002	0	0	0	0	0	0	0	0	CL0002		
202411	1310003	0	25000	25000	0	0	0	0	0	CL0002		
202411	2000000	0	25000	25000	0	0	0	0	0	CL0002		
202411	2100000	0	25000	25000	0	0	0	0	0	CL0002		
202411	2110000	0	0	0	0	0	0	0	0	CL0002		
202411	2110002	0	0	0	0	0	0	0	0	CL0002		
202411	2120000	0	25000	25000	0	0	0	0	0	CL0002		
202411	2120001	0	25000	25000	0	0	0	0	0	CL0002		
202411	2130000	0	0	0	0	0	0	0	0	CL0002		
202411	2130001	0	0	0	0	0	0	0	0	CL0002		
202411	4000000	0	0	0	0	0	0	0	0	CL0002		
202411	4100000	0	0	0	0	0	0	0	0	CL0002		
202411	4110000	0	0	0	0	0	0	0	0	CL0002		
202411	4110001	0	0	0	0	0	0	0	0	CL0002		
202411	4130000	0	0	0	0	0	0	0	0	CL0002		
202411	4130001	0	0	0	0	0	0	0	0	CL0002		
202411	6000000	0	0	0	0	0	0	0	0	CL0002		
202411	6100000	0	0	0	0	0	0	0	0	CL0002		
202411	6110000	0	0	0	0	0	0	0	0	CL0002		
202411	6110001	0	0	0	0	0	0	0	0	CL0002		
202411	6110002	0	0	0	0	0	0	0	0	CL0002		
202411	6110005	0	0	0	0	0	0	0	0	CL0002		
202411	7000000	0	0	0	0	0	0	0	0	CL0002		
202411	7110000	0	0	0	0	0	0	0	0	CL0002		
202411	7111000	0	0	0	0	0	0	0	0	CL0002		
202411	7111001	0	0	0	0	0	0	0	0	CL0002		